- iteration: 200
  percent_complete: 40.0
  mbar_analysis:
    free_energy_in_kT: 192.53214578974186
    standard_error_in_kT: 0.6552732864306966
    number_of_uncorrelated_samples: 178.73779296875
    n_equilibrium_iterations: 5
    statistical_inefficiency: 1.1021732091903687
  timing_data:
    iteration_seconds: 6.445371389389038
    average_seconds_per_iteration: 6.282280667942373
    estimated_time_remaining: '0:31:30.966481'
    estimated_localtime_finish_date: 2026-May-06-06:08:05
    estimated_total_time: '0:52:21.140334'
    ns_per_day: 2200.4747528301305
- iteration: 400
  percent_complete: 80.0
  mbar_analysis:
    free_energy_in_kT: 191.8770527651029
    standard_error_in_kT: 0.5586613962849467
    number_of_uncorrelated_samples: 331.0071105957031
    n_equilibrium_iterations: 5
    statistical_inefficiency: 1.19937002658844
  timing_data:
    iteration_seconds: 5.456984996795654
    average_seconds_per_iteration: 5.960207324876523
    estimated_time_remaining: '0:10:01.980940'
    estimated_localtime_finish_date: 2026-May-06-06:05:24
    estimated_total_time: '0:49:40.103662'
    ns_per_day: 2319.3824050888015
