- iteration: 200
  percent_complete: 40.0
  mbar_analysis:
    free_energy_in_kT: 22.90715210616407
    standard_error_in_kT: 0.6949006758503582
    number_of_uncorrelated_samples: 167.6235809326172
    n_equilibrium_iterations: 7
    statistical_inefficiency: 1.163320779800415
  timing_data:
    iteration_seconds: 4.562241077423096
    average_seconds_per_iteration: 5.6728764826328915
    estimated_time_remaining: '0:28:27.535821'
    estimated_localtime_finish_date: 2026-May-06-03:49:08
    estimated_total_time: '0:47:16.438241'
    ns_per_day: 2436.8589801525195
- iteration: 400
  percent_complete: 80.0
  mbar_analysis:
    free_energy_in_kT: 19.406119038845034
    standard_error_in_kT: 0.8887059663451662
    number_of_uncorrelated_samples: 320.5084533691406
    n_equilibrium_iterations: 5
    statistical_inefficiency: 1.2386568784713745
  timing_data:
    iteration_seconds: 6.485291481018066
    average_seconds_per_iteration: 5.8824128040992525
    estimated_time_remaining: '0:09:54.123693'
    estimated_localtime_finish_date: 2026-May-06-03:50:53
    estimated_total_time: '0:49:01.206402'
    ns_per_day: 2350.0560841915967
