- iteration: 200
  percent_complete: 40.0
  mbar_analysis:
    free_energy_in_kT: 118.44947618050742
    standard_error_in_kT: 0.9066668123964667
    number_of_uncorrelated_samples: 101.0
    n_equilibrium_iterations: 101
    statistical_inefficiency: 1.0
  timing_data:
    iteration_seconds: 6.290304899215698
    average_seconds_per_iteration: 6.028065354380775
    estimated_time_remaining: '0:30:14.447672'
    estimated_localtime_finish_date: 2026-May-05-17:43:19
    estimated_total_time: '0:50:14.032677'
    ns_per_day: 2293.273079720957
- iteration: 400
  percent_complete: 80.0
  mbar_analysis:
    free_energy_in_kT: 115.04948718860044
    standard_error_in_kT: 0.6740131592511367
    number_of_uncorrelated_samples: 349.58026123046875
    n_equilibrium_iterations: 13
    statistical_inefficiency: 1.1127630472183228
  timing_data:
    iteration_seconds: 4.443085432052612
    average_seconds_per_iteration: 5.984389409684298
    estimated_time_remaining: '0:10:04.423330'
    estimated_localtime_finish_date: 2026-May-05-17:42:57
    estimated_total_time: '0:49:52.194705'
    ns_per_day: 2310.010103558631
